-143.864jaks
16.793cdwk
90.785 cww
-90.223asc ww
80.275cs
-143.864casa
16.793csasa
90.785sacas
-90.223sacas
80.275cwj
-143.864cjwn
16.793cwknc
90.785mkew 
-90.223kkqwdm 
80.275fjwe
-143.864kwjd
16.793idjqwoj
90.785dwm
-90.223dwljk 
80,275
80,275
-143,864
16,793
90,785 
-90,223 
80,275
-143,864
16,793
90,785 
-90,223 
80,275
80,275
-143,864
16,793
90,785 
-90,223 
80,275
-143,864
16,793
90,785 
-90,223 
80,275
80,275
-143,864
16,793
90,785 
-90,223 
80,275
-143,864
16,793
90,785 
-90,223 
80,275
